# Calibration: 13 May 2016
sls_2_frame_x_joint: -0.3686273971560052
sls_2_frame_y_joint: -0.04533616272414048
sls_2_frame_z_joint: 0.0397875059693204
sls_2_frame_yaw_joint: 0.2641566337557409
sls_2_frame_pitch_joint: -0.006185798480269362
sls_2_frame_roll_joint: 1.580070433974196

target_frame_x_joint: 1.362306168263447
target_frame_y_joint: 0.2863134567704951
target_frame_z_joint: -0.5058647522935136
target_frame_yaw_joint: -0.0002001803264457393
target_frame_pitch_joint: -0.004852515254010993
target_frame_roll_joint: 0.01271943131527761










